42383 657 15 0 6591 33832 0
7258 1 0 0 6847 4 0
31403 7576 70 0 6562 12426 0
7098 1 0 0 6646 5 0
31567 7578 70 0 6839 12481 0
31305 7537 70 0 6892 12302 0
29152 8605 70 0 6636 11231 0
30813 7567 70 0 6603 12243 0
23143 2 0 0 21445 26 0
22510 2 0 0 21616 28 0
105316 4094 82 0 21134 74323 0
104102 5274 47 0 21293 71562 0
6.32154e+06 0 52 0 21162 6.2982e+06 0
98643 5499 35 0 21117 66493 0
3.22289e+06 0 24 0 21298 3.19955e+06 0
97664 5447 35 0 21723 64865 0
103054 4247 55 0 21043 72307 0
6933 109 1 0 6071 398 0
6965 75 0 0 6180 144 0
6233 11 0 0 5960 15 0
8755 625 5 0 5988 1562 0
6389 61 0 0 5931 127 0
6877 108 1 0 5794 678 0
13925 1036 5 0 5820 5878 0
8484 615 5 0 6072 1285 0
13314 665 5 0 5938 5665 0
51749 1247 10 0 5821 43124 0
62277 1229 9 0 5790 53160 0
14111 672 5 0 5801 6519 0
8534 621 5 0 5984 1413 0
15817 674 5 0 5986 7904 0
6288 11 0 0 5943 30 0
6272 11 0 0 5943 24 0
6580 60 0 0 5929 227 0
6737 61 0 0 6049 200 0
9589 619 5 0 5934 2330 0
9289 627 5 0 5910 2049 0
6542 61 0 0 5972 178 0
6921 76 0 0 6140 174 0
7422 125 1 0 5981 936 0
7736 128 1 0 6176 812 0
14549 665 5 0 5921 6731 0
14691 784 5 0 6207 6545 0
8935 625 5 0 5800 1881 0
9384 736 5 0 6035 1826 0
14196 668 5 0 5796 6115 0
13972 665 5 0 5791 5979 0
52641 1247 9 0 5825 43464 0
52965 1407 10 0 6099 43208 0
6890 14 0 0 6290 21 0
6276 11 0 0 5948 21 0
55172 1515 10 0 6420 45176 0
75960 1535 10 0 6443 65819 0
73631 1733 12 0 6829 61941 0
75392 2666 11 0 7734 62438 0
87917 1727 11 0 6863 77052 0
72745 2586 12 0 7703 60284 0
1.587e+06 0 1 0 6461 1.58e+06 0
707374 0 1 0 6148 700612 0
16599 823 5 0 6462 7549 0
15379 892 6 0 6508 6237 0
16658 807 6 0 6288 8468 0
15446 881 6 0 6415 6604 0
